24 14
1 67 87 132 132 132 132 132 132 132 132 132 132 132 132 132 132 132 132 132 132 132 132 132
132 132 132 132 132 132 132 132 132 132 132 132 132 132 132 132 132 132 132 132 132 132 132 132
132 132 132 132 132 132 132 132 132 132 132 132 132 132 132 132 132 132 132 132 132 132 132 132
132 132 132 132 132 132 148 132 132 132 132 132 132 132 132 132 132 132 132 132 132 132 132 132
132 132 132 132 132 132 132 132 132 132 132 132 132 132 170 132 132 132 132 132 132 132 132 132
132 132 132 132 132 132 132 132 132 38 67 83 132 132 111 111 111 111 111 132 132 132 132 132
132 132 132 132 170 132 132 132 132 132 132 132 132 132 111 132 132 132 111 132 132 132 132 132
132 132 132 170 170 132 132 148 132 132 132 132 132 132 111 170 154 132 111 132 132 132 132 132
132 132 132 132 132 132 132 132 132 132 132 132 132 170 111 170 170 170 111 132 132 132 132 132
132 132 132 114 132 132 132 132 132 44 67 79 170 170 111 111 111 111 111 170 132 132 132 132
132 132 132 132 132 132 170 170 132 132 132 132 148 170 170 170 132 132 132 132 132 132 132 132
44 132 132 132 132 170 170 170 132 132 132 132 132 132 132 132 132 132 132 132 132 132 132 132
67 132 132 132 132 132 132 132 132 132 132 132 132 132 132 132 132 132 132 132 132 132 132 132
86 132 132 132 132 132 132 132 132 132 132 132 132 132 132 132 132 132 132 132 132 4 67 77
DIRECTIONS
0 0 0 0 0 0 0 0 0 0 0 0 0 0 0 0 0 0 0 0 0 0 0 0
0 0 0 0 0 0 0 0 0 0 0 0 0 0 0 0 0 0 0 0 0 0 0 0
0 0 0 0 0 0 0 0 0 0 0 0 0 0 0 0 0 0 0 0 0 0 0 0
0 0 0 0 0 0 0 0 0 0 0 0 0 0 0 0 0 0 0 0 0 0 0 0
0 0 0 0 0 0 0 0 0 0 0 0 0 0 0 0 0 0 0 0 0 0 0 0
0 0 0 0 0 0 0 0 0 0 0 0 0 0 0 0 0 0 0 0 0 0 0 0
0 0 0 0 0 0 0 0 0 0 0 0 0 0 0 0 0 0 0 0 0 0 0 0
0 0 0 0 0 0 0 1 0 0 0 0 0 0 0 0 0 0 0 0 0 0 0 0
0 0 0 0 0 0 0 0 0 0 0 0 0 0 0 0 0 0 0 0 0 0 0 0
0 0 0 0 0 0 0 0 0 0 0 0 0 0 0 0 0 0 0 0 0 0 0 0
0 0 0 0 0 0 0 0 0 0 0 0 3 0 0 0 0 0 0 0 0 0 0 0
0 0 0 0 0 0 0 0 0 0 0 0 0 0 0 0 0 0 0 0 0 0 0 0
0 0 0 0 0 0 0 0 0 0 0 0 0 0 0 0 0 0 0 0 0 0 0 0
0 0 0 0 0 0 0 0 0 0 0 0 0 0 0 0 0 0 0 0 0 0 0 0
