14 12
70 35 67 78 132 132 132 132 132 132 132 132 132 132
4 70 64 70 51 67 77 132 132 132 132 132 132 132
37 70 51 132 132 132 132 132 132 132 132 132 132 132
25 70 35 67 79 132 132 132 132 132 132 132 132 132
132 132 132 132 132 132 132 132 132 132 132 132 132 132
132 132 132 132 132 132 132 132 132 132 132 132 132 132
132 132 132 132 132 132 132 132 132 132 132 132 132 132
132 132 132 132 132 132 132 132 132 132 132 132 132 132
132 132 132 132 132 132 132 132 132 132 132 132 132 132
132 132 132 132 132 132 132 132 132 132 132 132 132 132
132 132 132 132 132 132 132 132 132 132 132 132 132 132
132 132 132 132 132 132 132 132 132 132 132 132 132 132
132 132 132 132 132 132 132 132 132 132 132 132 132 132
132 132 132 132 132 132 132 132 132 132 132 132 132 132
132 67 132 132 132 132 132 132 132 132 132 132 132 132
132 67 132 132 132 132 132 132 132 132 132 132 132 132
132 132 132 132 132 132 132 132 132 132 4 132 132 132
132 132 132 132 132 132 132 132 132 132 67 132 132 132
132 132 132 132 132 132 132 132 132 132 77 132 132 132
132 132 132 132 132 132 132 132 132 132 70 132 132 132
132 132 132 132 132 132 132 132 132 132 79 132 132 132
132 132 132 132 132 132 132 132 132 132 70 132 132 132
132 132 132 132 132 132 132 132 132 132 88 132 132 132
132 132 132 132 132 132 132 132 132 132 132 132 132 132
