24 14
132 132 132 132 132 132 132 132 132 132 132 132 132 132 132 132 132 132 132 132 132 132 132 132
132 132 132 132 132 132 132 132 132 132 132 132 132 132 132 132 132 132 132 132 132 132 132 132
132 132 132 132 132 174 174 174 174 174 174 174 174 174 174 174 174 174 174 132 132 132 132 132
132 132 132 132 132 174 132 132 132 132 141 132 132 132 132 132 132 132 174 132 132 132 132 132
132 132 132 132 132 174 132 4 67 77 132 132 132 132 132 132 135 132 174 132 132 132 132 132
132 132 132 132 132 174 141 132 132 132 132 132 132 141 132 132 132 132 174 132 132 132 132 132
132 132 132 132 132 174 132 132 132 132 132 132 132 132 141 132 141 132 174 132 132 132 132 31
132 132 132 132 132 174 132 132 132 114 132 132 141 132 132 141 132 141 174 132 132 132 132 67
132 132 132 132 132 174 141 132 132 132 132 132 141 132 25 132 86 132 174 132 132 132 132 78
132 132 132 132 132 174 132 141 132 132 132 132 141 132 132 141 132 132 174 132 132 132 132 132
132 132 132 132 132 174 132 132 132 132 141 132 132 141 132 132 132 132 174 132 132 132 132 132
132 132 132 132 132 174 174 174 174 174 174 174 174 174 174 174 174 174 174 132 132 132 132 132
132 132 132 132 132 132 132 132 132 132 132 132 132 132 132 132 132 132 132 132 132 132 132 132
132 132 132 132 132 132 132 132 132 132 132 132 132 132 132 132 132 132 132 132 132 132 132 132
