28 16
25 67 86 145 145 145 132 132 132 132 132 145 145 145 132 132 145 145 132 132 132 132 132 132 132 37 67 88
145 145 145 145 132 132 132 132 132 132 132 132 145 145 145 145 145 132 145 132 132 132 132 132 132 132 132 132
145 145 132 132 132 132 132 132 132 132 132 132 132 145 145 145 145 132 132 145 132 132 132 147 147 147 132 132
145 132 132 132 132 174 174 174 174 174 132 132 132 145 145 145 145 145 145 145 145 132 147 147 132 147 147 132
132 132 132 132 132 174 132 132 132 174 132 132 132 132 145 145 145 145 145 145 145 132 147 132 135 132 147 132
132 132 132 132 132 174 132 114 132 174 132 132 132 132 145 145 145 132 132 132 145 145 147 145 132 147 147 132
132 132 132 132 132 174 132 132 132 174 132 132 132 132 132 145 145 132 132 132 132 145 132 147 147 147 132 132
132 132 132 132 132 174 174 132 174 174 132 132 132 132 132 145 132 132 64 132 132 145 145 132 132 132 132 132
132 132 132 132 132 132 132 132 132 132 132 132 132 132 132 145 132 132 132 132 132 145 145 145 132 132 132 132
132 132 132 132 132 132 132 132 132 132 132 132 132 132 132 145 145 132 132 132 145 145 145 145 132 132 132 132
132 132 132 132 132 132 132 132 174 174 174 174 132 132 132 132 145 145 145 145 145 145 145 132 145 132 132 132
132 132 132 132 132 174 132 132 4 67 77 70 88 174 132 132 132 145 145 145 145 145 145 132 145 145 132 132
132 132 132 132 132 174 174 174 174 174 174 174 132 132 132 132 132 132 145 145 145 145 145 145 132 132 132 132
145 132 132 132 132 132 132 132 132 132 132 132 132 132 132 132 132 132 132 145 145 145 145 145 145 145 132 132
145 145 132 132 132 132 132 132 132 132 132 132 132 132 132 132 132 132 132 132 145 145 145 145 145 145 145 132
145 145 145 145 145 132 145 132 132 132 132 145 132 132 132 132 132 132 132 132 132 145 145 145 145 64 67 78
