28 16
132 132 132 132 132 132 132 132 132 132 132 132 132 132 132 132 132 132 132 132 132 132 132 132 132 171 132 132
132 132 132 132 132 174 174 174 174 174 132 132 132 132 132 132 132 174 174 174 174 174 132 132 132 132 171 132
132 138 132 132 132 174 4 67 77 174 132 132 132 132 132 132 132 174 20 67 78 174 132 132 132 132 132 132
132 132 132 132 132 174 174 174 174 174 132 132 132 132 132 132 132 174 174 174 174 174 132 132 132 132 132 171
132 132 132 132 132 174 64 67 78 174 132 132 132 132 132 132 132 174 20 67 91 174 132 132 132 132 132 132
132 132 132 132 132 174 174 174 174 174 174 174 132 132 132 132 174 174 174 174 174 174 174 132 132 132 132 132
132 132 132 132 132 174 132 132 132 132 132 174 132 132 132 132 174 132 132 132 132 132 174 132 132 132 132 132
132 132 132 132 132 174 132 149 132 114 132 130 132 161 149 132 130 132 132 51 132 132 174 132 132 132 132 132
132 132 132 132 132 174 132 132 132 132 132 174 132 132 132 132 174 132 132 132 132 132 174 132 132 132 132 132
132 132 132 132 132 174 174 174 174 174 174 174 132 132 132 132 174 174 174 130 174 174 174 132 132 132 132 132
132 132 132 132 132 132 132 132 132 132 132 132 132 132 132 132 174 132 132 132 132 174 132 132 132 132 132 132
132 132 132 132 132 132 132 132 132 39 67 92 132 132 132 132 174 132 132 135 132 174 132 132 132 132 132 132
132 132 132 132 132 132 132 132 132 67 132 132 132 132 132 132 174 174 132 132 132 174 132 132 132 132 132 132
132 132 132 132 132 132 132 132 132 79 132 132 132 132 132 132 132 174 25 67 86 174 132 132 132 132 132 132
132 132 132 132 171 132 132 132 132 132 132 132 132 132 132 132 132 174 174 174 174 174 132 132 132 132 132 132
132 132 132 171 132 132 132 132 132 132 132 132 132 132 132 132 132 132 132 132 132 132 132 132 132 132 132 132
132 132 132 132 132 132 132 132 132 132 132 132 132 132 132 132 132 132 132 132 132 132 132 132 132 132 132 132
132 132 132 132 132 132 132 132 132 132 132 132 132 138 132 132 132 132 132 132 132 132 132 132 132 132 132 132
132 132 132 132 132 132 132 132 132 132 132 132 132 132 132 132 132 132 132 132 132 132 132 132 132 132 132 132
132 132 132 132 132 132 132 132 132 132 132 132 132 132 132 132 132 132 132 132 132 132 132 132 132 132 132 132
132 132 132 132 132 132 132 132 132 132 132 132 132 132 132 132 132 132 132 132 132 132 132 132 132 132 132 132
132 132 132 132 132 132 132 132 132 132 132 132 132 132 132 132 132 132 132 132 132 132 132 132 132 132 132 132
132 132 132 138 132 132 170 170 170 170 170 132 132 132 132 132 132 132 132 132 132 132 132 132 132 132 132 132
132 132 132 132 132 132 170 170 170 170 170 170 121 121 121 121 170 132 132 132 132 132 132 132 132 132 138 132
132 132 132 132 132 132 170 170 170 170 170 132 132 132 121 132 132 132 132 132 132 132 132 132 132 132 132 132
132 132 132 132 132 132 132 132 132 132 132 132 132 132 121 132 132 132 132 170 132 132 132 132 132 132 132 132
132 132 132 132 132 132 132 132 132 132 132 132 132 132 121 132 132 132 132 132 132 132 132 132 132 132 132 132
132 158 132 132 132 132 132 132 132 132 132 132 132 132 121 132 132 132 132 132 132 132 132 132 132 132 132 132
121 121 121 132 132 132 132 132 132 132 132 132 132 132 121 132 132 132 132 132 132 132 132 132 132 132 132 132
121 121 121 132 132 132 132 132 132 132 132 121 121 121 121 132 132 132 132 132 132 132 132 132 138 132 132 132
132 132 158 132 132 132 132 132 132 132 132 121 132 132 132 132 132 132 132 132 132 132 132 132 132 132 132 132
132 132 132 132 132 132 132 132 132 132 132 121 132 132 132 132 132 132 132 132 132 132 132 132 132 132 132 132
