15 13
4 67 77 132 132 132 132 132 132 132 132 132 132 132 132
38 67 83 132 132 50 67 79 132 132 132 132 132 132 132
44 67 83 70 83 132 132 132 132 132 132 132 132 132 132
1 67 83 70 83 132 132 132 132 132 132 132 132 132 132
1 67 93 132 132 132 132 132 132 132 132 132 132 132 132
51 67 83 70 83 132 132 132 132 132 132 132 132 132 132
51 67 179 132 132 50 67 179 132 132 132 132 132 132 132
64 67 78 132 132 132 132 132 132 132 132 132 132 132 132
132 132 132 132 132 148 160 132 132 132 148 132 132 132 132
132 132 132 132 174 154 174 132 132 132 132 132 132 132 132
132 132 132 132 174 111 174 132 132 132 132 132 132 132 132
132 132 132 132 174 161 132 132 132 132 132 132 132 132 132
114 132 132 132 132 132 132 132 132 132 132 132 132 132 132
