28 16
132 132 132 132 132 132 174 132 4 67 77 132 174 132 132 132 132 132 132 132 132 132 132 132 132 138 132 132
132 132 132 132 171 132 174 132 20 67 78 132 174 132 132 132 138 132 132 171 132 132 132 132 132 132 132 132
132 132 132 132 132 132 174 132 64 67 78 132 174 132 132 132 132 132 132 132 132 132 132 132 132 132 132 132
132 132 132 132 132 132 174 174 174 174 174 174 174 174 174 174 174 174 174 174 174 174 132 132 132 132 132 132
132 171 132 132 132 132 174 132 132 132 132 132 174 132 132 132 132 132 132 132 132 174 132 132 132 171 132 132
132 132 132 132 132 132 174 132 132 132 132 132 174 132 132 132 132 132 132 132 132 174 132 132 132 132 132 132
132 132 132 138 132 132 174 132 39 132 92 132 174 132 132 132 132 132 132 132 132 174 132 132 166 132 132 132
132 132 132 132 132 132 174 132 132 132 132 132 174 132 132 132 20 67 91 132 132 174 132 132 132 132 132 132
132 132 132 132 132 132 174 132 39 132 79 132 174 132 132 132 132 132 132 132 132 174 132 132 132 132 132 132
132 132 132 171 132 132 174 132 132 132 132 132 130 132 132 132 132 132 132 132 132 174 132 132 132 171 132 132
132 132 171 132 132 132 174 132 149 132 67 132 174 132 132 132 132 132 132 132 132 174 132 132 132 132 132 132
132 132 132 132 132 132 174 132 132 132 132 132 174 174 174 174 174 130 174 174 174 174 132 132 132 132 132 132
132 132 132 132 132 132 174 132 132 114 132 132 174 132 132 132 132 132 132 132 132 132 132 132 132 132 132 132
132 138 132 132 132 132 174 174 174 174 174 174 174 132 132 132 132 135 132 132 132 132 132 132 171 132 138 132
132 132 132 132 132 132 132 132 132 132 132 132 132 132 132 132 132 132 132 132 132 132 132 132 132 132 132 132
132 132 132 132 132 171 132 132 132 132 132 132 132 132 132 132 25 67 86 132 132 132 132 132 132 132 132 132
132 132 132 132 132 132 132 170 132 132 132 170 132 132 132 132 132 132 132 132 132 132 132 132 132 132 132 132
132 132 132 132 132 132 132 170 132 132 132 170 132 132 132 132 132 132 132 132 132 132 132 132 132 132 132 132
132 132 132 132 132 132 132 170 132 132 132 170 132 132 132 132 132 132 132 132 132 132 132 132 132 132 132 132
132 132 132 132 132 132 132 132 132 132 132 132 132 132 132 132 132 132 132 132 132 132 132 132 132 132 132 132
132 132 132 132 132 132 132 170 170 170 170 170 132 170 170 170 170 170 170 170 170 132 132 132 132 132 132 132
132 132 132 132 132 132 132 170 170 170 170 170 132 170 170 170 170 170 170 170 170 132 132 132 132 132 132 132
132 132 132 132 132 132 132 170 132 170 132 170 132 170 170 170 170 170 170 170 170 132 132 132 132 132 132 132
132 132 132 132 132 132 132 170 170 170 170 170 132 170 170 170 132 132 132 170 170 132 132 132 132 132 132 132
132 132 132 132 132 132 132 170 132 170 132 170 132 170 170 170 170 170 170 170 170 132 132 132 132 132 132 132
132 132 132 132 132 132 132 170 170 170 170 170 132 170 170 170 170 170 170 170 170 132 132 132 132 132 132 132
132 132 132 132 132 132 132 170 132 170 132 170 132 170 170 170 170 170 170 170 170 132 132 132 132 132 132 132
132 132 132 132 132 132 132 170 170 170 170 170 132 132 132 132 132 132 132 132 132 132 132 132 132 132 132 132
132 132 132 132 132 132 132 170 170 132 170 170 132 132 132 132 132 132 132 132 132 132 132 132 132 132 132 132
132 132 132 132 132 132 132 132 132 132 132 132 132 132 132 132 132 132 132 132 132 132 132 132 132 132 132 132
132 132 132 132 132 132 132 132 132 132 132 132 132 132 132 132 132 132 132 132 132 132 132 132 132 132 132 132
132 132 132 132 132 132 132 132 132 132 132 132 132 132 132 132 132 132 132 132 132 132 132 132 132 132 132 132
