24 14
25 67 86 132 132 132 132 132 132 132 132 132 132 132 132 132 132 132 132 132 132 132 132 132
132 111 132 132 132 132 132 132 132 132 132 132 132 132 132 132 111 132 158 132 132 132 132 132
132 132 132 132 132 48 67 79 132 132 158 132 132 132 132 132 132 111 132 132 132 132 111 132
132 132 132 132 132 132 132 132 132 132 132 132 158 132 132 132 132 132 132 132 111 132 132 132
132 132 132 121 121 121 132 121 132 121 132 132 132 132 132 132 132 132 132 132 132 132 132 132
132 132 132 121 174 174 174 174 174 121 132 132 132 132 132 166 166 166 166 166 132 132 132 132
64 132 132 121 174 170 170 170 174 121 132 132 132 132 121 166 121 121 121 166 132 132 132 132
67 132 132 121 174 170 114 170 158 121 121 121 121 121 121 166 121 135 121 166 132 132 132 132
78 132 132 121 174 170 170 170 174 121 111 132 132 132 132 166 121 121 121 166 111 132 132 132
132 132 132 121 174 174 174 174 174 121 132 132 132 132 132 166 166 166 166 166 132 132 132 132
132 132 132 121 121 132 132 121 121 121 132 132 132 132 132 132 132 132 132 132 132 132 132 132
132 111 132 132 132 132 132 132 132 132 132 158 132 132 132 132 132 132 132 132 132 132 132 132
132 132 132 132 132 4 67 77 132 132 132 132 132 132 132 111 132 158 132 111 132 132 132 132
132 132 132 132 132 132 132 132 132 132 132 132 132 132 111 132 132 132 132 132 132 56 67 87
