12 26
4   67  77  132 132 132 132 132 132 132 132 132
4   67  92  132 132 132 132 132 132 132 132 132
4   68  51  132 132 132 132 132 132 132 132 132
20  67  91  132 132 132 132 132 132 132 132 132
132 132 132 132 132 132 132 132 114 130 132 132
22  67  78  132 132 132 132 132 132 132 132 132
59  67  51  132 132 132 132 132 132 132 132 132
4   67  59  132 132 132 132 132 132 132 132 132
2   67  44  132 132 132 132 132 132 132 132 132
4   67  2   132 132 132 132 132 132 132 132 132
132 132 132 132 132 132 132 132 132 132 132 132
51  67  93  132 132 132 132 132 161 132 132 132
38  67  96  132 132 132 132 132 132 132 132 132
38  67  97  132 132 132 132 132 132 132 132 132
38  67  98  132 132 132 132 132 132 132 132 132
38  67  99  132 132 132 132 132 148 132 132 132
132 132 132 132 132 132 132 132 132 132 132 132
39  67  92  132 132 64  67  91  132 149 174 132
64  67  94  132 132 132 132 132 132 132 132 132
60  67  92  132 132 20  67  91  132 170 130 132
60  67  109 132 132 132 132 132 132 132 132 132
132 132 132 132 132 132 132 132 132 132 132 132
4   67  77  71  132 132 132 132 132 132 132 132
38  71  73  44  67  83  132 132 132 132 132 132
38  71  74  44  67  83  132 132 132 132 132 132
22  67  83  132 132 132 132 132 132 132 132 132
