20 12
4 67 77 132 132 132 132 132 132 132 132 132 132 132 132 132 132 132 132 132
38 67 44 70 51 132 132 132 132 132 132 132 132 132 132 132 132 132 132 132
1 67 1 70 44 132 132 132 132 132 132 132 132 132 132 132 132 132 132 132
51 67 64 132 132 132 132 132 132 132 132 132 132 132 132 132 132 132 132 132
64 67 51 132 132 132 132 132 132 132 132 132 132 132 132 132 132 132 132 132
5 67 7 132 132 132 132 132 132 132 132 132 132 132 132 132 132 132 132 132
7 67 8 132 132 132 132 132 132 132 132 132 132 132 132 132 132 132 132 132
8 67 5 132 132 132 132 132 132 132 132 132 132 132 132 132 132 132 132 132
22 67 26 132 132 26 67 22 132 132 132 132 132 132 132 132 132 132 132 132
148 148 132 111 132 161 174 132 115 117 118 132 136 132 132 132 132 132 132 132
114 132 132 132 132 132 132 132 132 132 132 132 132 132 132 132 132 132 132 132
38 67 44 132 132 132 132 132 132 132 132 132 132 132 132 132 132 132 132 132
