28 16
132 132 132 132 132 132 132 132 132 132 132 132 132 132 132 132 132 132 132 132 132 132 132 132 132 132 132 132
132 132 132 132 132 132 132 132 132 132 132 132 132 132 132 132 132 132 132 132 132 132 132 132 132 132 132 132
132 132 132 132 132 55 67 87 174 174 174 174 174 174 174 174 174 174 174 174 174 132 132 132 132 132 132 132
132 132 132 132 174 174 174 174 174 132 132 132 132 132 132 132 132 132 132 132 174 132 132 132 147 132 132 132
132 132 132 132 174 132 132 132 174 132 132 132 132 132 132 132 132 132 132 132 174 132 132 132 132 132 132 132
132 132 132 132 174 132 132 132 174 174 174 132 132 56 67 88 132 132 132 132 174 64 67 78 132 132 132 132
132 132 128 132 174 132 18 132 165 132 166 132 132 132 132 132 132 132 132 132 174 174 174 174 174 174 132 132
132 132 132 132 174 132 132 132 174 174 174 132 132 51 67 79 132 132 132 132 132 161 132 174 132 174 132 132
132 132 132 132 174 132 132 132 174 132 132 132 132 132 132 132 132 132 132 132 174 174 132 114 132 174 132 132
132 132 132 132 174 174 4 174 174 132 132 132 132 161 132 70 132 132 132 132 174 174 132 174 132 174 132 132
132 132 132 132 132 174 67 174 174 132 132 132 132 132 132 132 132 132 132 132 174 174 174 174 174 174 132 132
132 132 132 135 132 174 77 174 174 132 132 132 132 132 132 132 132 132 132 132 174 132 132 132 132 132 132 132
132 132 132 132 132 174 174 174 174 174 174 174 174 174 174 174 174 174 174 174 174 132 132 147 132 132 132 132
132 132 25 67 86 132 132 132 132 132 132 132 132 132 132 132 132 132 132 132 132 132 132 132 132 132 132 132
132 132 132 132 132 132 132 132 132 132 132 132 132 132 132 132 132 132 132 147 132 132 132 132 132 132 132 132
132 132 132 132 132 132 132 132 132 132 132 132 132 132 132 132 132 132 132 132 132 132 132 132 132 132 132 132
